1000.000000 1.000000 296.000000
2000.000000 0.889900 289.500000
3000.000000 0.789800 283.000000
4000.000000 0.699100 276.500000
5000.000000 0.616900 270.000000
6000.000000 0.542800 263.500000
7000.000000 0.476100 257.000000
8000.000000 0.416100 250.500000
9000.000000 0.362400 244.000000
10000.000000 0.314500 237.500000
11000.000000 0.271800 231.000000
12000.000000 0.234500 231.000000
13000.000000 0.202300 231.000000
14000.000000 0.174500 231.000000
15000.000000 0.150500 231.000000
16000.000000 0.129800 231.000000
17000.000000 0.112000 231.000000
18000.000000 0.096600 231.000000
19000.000000 0.083300 231.000000
20000.000000 0.071900 231.000000
21000.000000 0.062000 232.000000
22000.000000 0.053500 233.000000
23000.000000 0.046300 234.000000
24000.000000 0.040000 235.000000
25000.000000 0.034600 236.000000
26000.000000 0.029900 237.000000
27000.000000 0.025900 238.000000
28000.000000 0.022500 239.000000
29000.000000 0.019500 240.000000
30000.000000 0.016900 241.000000
31000.000000 0.014700 242.000000
32000.000000 0.012800 243.000000
33000.000000 0.011100 245.800000
34000.000000 0.009700 248.600000
35000.000000 0.008400 251.400000
36000.000000 0.007400 254.200000
37000.000000 0.006400 257.000000
38000.000000 0.005600 259.800000
39000.000000 0.005000 262.600000
40000.000000 0.004400 265.400000
41000.000000 0.003800 268.200000
42000.000000 0.003400 271.000000
43000.000000 0.003000 273.800000
44000.000000 0.002600 276.600000
45000.000000 0.002300 279.400000
46000.000000 0.002100 282.200000
47000.000000 0.001800 285.000000
48000.000000 0.001600 285.000000
49000.000000 0.001400 285.000000
50000.000000 0.001300 285.000000
51000.000000 0.001100 285.000000
