4990.971300 0.000000
4990.956600 0.000000
4990.941900 0.000000
4990.927200 0.000000
4990.912500 0.000000
4990.897900 0.000000
4990.883200 0.000000
4990.868500 0.000000
4990.853800 0.000000
4990.839100 0.000000
4990.824400 0.000000
4990.809700 0.000000
4990.795000 0.000000
4990.780300 0.000000
4990.765600 0.000000
4990.750900 0.000000
4990.736200 0.000000
4990.721500 0.000000
4990.706800 0.000000
4990.692100 0.000000
4990.677400 0.000000
4990.662700 0.000000
4990.648000 0.000000
4990.633300 0.000000
4990.618600 0.000000
4990.603900 0.000000
4990.589200 0.000000
4990.574600 0.000000
4990.559900 0.000000
4990.545200 0.000000
4990.530500 0.000000
4990.515800 0.000000
4990.501100 0.000000
4990.486400 0.000000
4990.471700 0.000000
4990.457000 0.000000
4990.442300 0.000000
4990.427600 0.000000
4990.412900 0.000000
4990.398200 0.000000
4990.383500 0.000000
4990.368800 0.000000
4990.354100 0.000000
4990.339500 0.000000
4990.324800 0.000000
4990.310100 0.000000
4990.295400 0.000000
4990.280700 0.000000
4990.266000 0.000000
4990.251300 0.000000
4990.236600 0.000000
4990.221900 0.000000
4990.207200 0.000000
4990.192500 0.000000
4990.177800 0.000000
4990.163100 0.000000
4990.148400 0.000000
4990.133800 0.000000
4990.119100 0.000000
4990.104400 0.000000
4990.089700 0.000000
4990.075000 0.000000
4990.060300 0.000000
4990.045600 0.000000
4990.030900 0.000000
4990.016200 0.000000
4990.001500 0.000000
4989.986800 0.000000
4989.972200 0.000000
4989.957500 0.000000
4989.942800 0.000000
4989.928100 0.000000
4989.913400 0.000000
4989.898700 0.000000
4989.884000 0.000000
4989.869300 0.000000
4989.854600 0.000000
4989.839900 0.000000
4989.825200 0.000000
4989.810600 0.000000
4989.795900 0.000000
4989.781200 0.000000
4989.766500 0.000000
4989.751800 0.000000
4989.737100 0.000000
4989.722400 0.000000
4989.707700 0.000000
4989.693000 0.000000
4989.678400 0.000000
4989.663700 0.000000
4989.649000 0.000000
4989.634300 0.000000
4989.619600 0.000000
4989.604900 0.000000
4989.590200 0.000000
4989.575500 0.000000
4989.560800 0.000000
4989.546200 0.000000
4989.531500 0.000000
4989.516800 0.000000
4989.502100 0.000000
